,City,Latitude,Longitude,City Weather,Max Temp,Humidity,Cloudiness,Windspeed,Country,Date
0,rocha,-34.4833,-54.3333,46.67,46.67,68,25,8.03,UY,1660623206
1,vao,-22.6667,167.4833,72.23,72.23,93,100,26.98,NC,1660623458
2,ushuaia,-54.8,-68.3,37.06,37.06,75,40,5.75,AR,1660623458
3,jieshi,22.8134,115.8257,87.1,87.1,66,4,9.24,CN,1660623459
4,punta arenas,-53.15,-70.9167,35.71,35.71,87,40,10.36,CL,1660623287
5,pontes e lacerda,-15.2261,-59.3353,75.97,75.97,44,20,3.29,BR,1660623459
6,clyde river,70.4692,-68.5914,39.43,39.43,100,100,18.41,CA,1660623459
7,kodiak,57.79,-152.4072,54.91,54.91,88,100,9.22,US,1660623460
8,rikitea,-23.1203,-134.9692,73.45,73.45,77,5,13.69,PF,1660623460
9,hithadhoo,-0.6,73.0833,82.89,82.89,74,19,13.09,MV,1660623460
10,puerto ayora,-0.7393,-90.3518,69.55,69.55,93,98,5.01,EC,1660623461
11,albany,42.6001,-73.9662,62.38,66.79,77,96,0.18,US,1660623461
12,gigmoto,13.7796,124.39,87.13,87.13,67,85,11.1,PH,1660623461
13,hilo,19.7297,-155.09,76.01,82.27,86,100,5.99,US,1660623462
14,godalming,51.1846,-0.6173,63.3,65.64,84,100,2.3,GB,1660623462
15,bluff,-46.6,168.3333,56.8,56.8,72,30,4.12,NZ,1660623462
16,busselton,-33.65,115.3333,59.52,59.52,68,100,22.97,AU,1660623463
17,san felipe,10.3399,-68.7425,71.46,71.46,93,9,3.65,VE,1660623463
18,atar,20.5169,-13.0499,92.26,92.26,22,5,6.38,MR,1660623464
19,severo-kurilsk,50.6789,156.125,57.42,57.42,85,43,10.85,RU,1660623464
20,hami,42.8,93.45,95.11,95.11,11,100,9.71,CN,1660623464
21,vestmannaeyjar,63.4427,-20.2734,47.21,47.21,67,0,12.55,IS,1660623465
22,yellowknife,62.456,-114.3525,64.92,64.92,82,40,9.22,CA,1660623465
23,hobart,-42.8794,147.3294,55.98,56.26,85,75,13.8,AU,1660623245
24,kremenchuk,49.0973,33.4197,69.89,69.89,78,100,10.27,UA,1660623315
25,khatanga,71.9667,102.5,62.44,62.44,37,8,14.16,RU,1660623466
26,oranjemund,-28.55,16.4333,51.89,51.89,73,4,1.92,NA,1660623466
27,jamestown,42.097,-79.2353,62.29,64.71,73,75,4.61,US,1660623268
28,bethel,41.3712,-73.414,62.26,68.31,81,0,3.44,US,1660623466
29,upernavik,72.7868,-56.1549,38.71,38.71,85,80,14.94,GL,1660623467
30,bredasdorp,-34.5322,20.0403,47.43,47.43,63,100,5.01,ZA,1660623467
31,butaritari,3.0707,172.7902,81.82,81.82,74,93,11.95,KI,1660623467
32,vaini,-21.2,-175.2,71.76,71.76,83,75,12.66,TO,1660623468
33,atuona,-9.8,-139.0333,77.22,77.22,77,14,18.03,PF,1660623317
34,kibala,9.1104,18.3463,69.3,69.3,98,100,2.04,TD,1660623468
35,new norfolk,-42.7826,147.0587,54.01,55.92,75,95,4.0,AU,1660623469
36,chokurdakh,70.6333,147.9167,61.86,61.86,44,2,13.73,RU,1660623469
37,wuzhou,23.4833,111.3167,92.55,92.55,57,75,2.53,CN,1660623469
38,lorengau,-2.0226,147.2712,84.15,84.15,61,100,8.39,PG,1660623470
39,pevek,69.7008,170.3133,37.04,37.04,83,3,5.55,RU,1660623470
40,bad hofgastein,47.1667,13.1,60.48,61.14,98,96,0.25,AT,1660623470
41,ponta do sol,32.6667,-17.1,74.26,75.7,78,17,6.08,PT,1660623471
42,faanui,-16.4833,-151.75,76.73,76.73,79,39,7.54,PF,1660623471
43,laguna,38.421,-121.4238,84.22,88.09,38,0,5.75,US,1660623255
44,pokhara,28.2333,83.9833,77.9,77.9,85,86,3.24,NP,1660623318
45,cockburn town,21.4612,-71.1419,82.51,82.51,78,1,14.99,TC,1660623472
46,karasjok,69.4719,25.5112,56.91,56.91,93,92,8.7,NO,1660623472
47,mataura,-46.1927,168.8643,56.48,56.48,68,29,1.86,NZ,1660623472
48,gizo,-8.103,156.8419,83.21,83.21,69,72,3.65,SB,1660623473
49,pascagoula,30.3658,-88.5561,79.79,81.41,95,0,0.0,US,1660623473
50,sept-iles,50.2001,-66.3821,61.03,64.4,89,75,5.75,CA,1660623473
51,yaan,7.3833,8.5667,70.25,70.25,97,100,4.54,NG,1660623474
52,xiaoweizhai,26.1903,107.5125,85.01,85.01,66,78,6.06,CN,1660623474
53,klaksvik,62.2266,-6.589,47.32,47.32,71,100,18.61,FO,1660623474
54,dordrecht,51.81,4.6736,64.17,67.01,86,39,1.01,NL,1660623475
55,east london,-33.0153,27.9116,45.54,45.54,81,0,9.22,ZA,1660623475
56,kruisfontein,-34.0033,24.7314,50.74,50.74,34,100,8.52,ZA,1660623475
57,siilinjarvi,63.0833,27.6667,62.62,62.62,88,0,3.44,FI,1660623377
58,mar del plata,-38.0023,-57.5575,44.01,44.1,69,0,12.66,AR,1660623476
59,hermanus,-34.4187,19.2345,53.73,53.73,57,100,4.81,ZA,1660623476
60,port alfred,-33.5906,26.891,53.83,53.83,53,100,9.33,ZA,1660623476
61,pionerskiy,54.9508,20.2275,69.75,69.75,74,100,11.36,RU,1660623477
62,skjervoy,70.0311,20.9714,60.8,60.8,86,95,11.21,NO,1660623477
63,jalu,29.0331,21.5482,79.09,79.09,47,2,6.2,LY,1660623478
64,linares,-35.85,-71.6,44.53,44.53,92,100,7.54,CL,1660623478
65,fairbanks,64.8378,-147.7164,55.69,58.96,88,100,5.75,US,1660623445
66,kavieng,-2.5744,150.7967,83.46,83.46,69,100,4.07,PG,1660623479
67,kapaa,22.0752,-159.319,77.5,82.38,78,100,8.05,US,1660623479
68,llanes,43.4198,-4.7549,66.72,66.72,81,74,4.97,ES,1660623479
69,beringovskiy,63.05,179.3167,45.19,45.19,74,100,14.67,RU,1660623480
70,tiznit,29.5833,-9.5,68.43,68.43,65,8,2.46,MA,1660623480
71,lai,9.3952,16.2989,69.46,69.46,96,100,2.01,TD,1660623480
72,kahului,20.8947,-156.47,81.14,82.42,75,40,16.11,US,1660623230
73,provideniya,64.3833,-173.3,44.71,44.71,76,75,15.99,RU,1660623481
74,baykit,61.67,96.37,57.13,57.13,82,100,0.54,RU,1660623481
75,isangel,-19.55,169.2667,78.19,78.19,87,99,21.18,VU,1660623481
76,cape town,-33.9258,18.4232,50.32,54.37,72,100,3.0,ZA,1660623240
77,kayes,14.0,-11.0,74.03,74.03,90,42,4.81,ML,1660623482
78,bakchar,57.0186,82.0711,46.78,46.78,96,100,8.66,RU,1660623482
79,kaitangata,-46.2817,169.8464,57.15,57.15,69,5,0.81,NZ,1660623483
80,peniche,39.3558,-9.3811,66.61,68.29,94,33,15.37,PT,1660623483
81,airai,-8.9266,125.4092,74.21,74.21,42,66,3.71,TL,1660623483
82,dnestrovsc,46.6222,29.9133,69.28,69.28,80,49,1.88,MD,1660623484
83,bereda,43.2686,-7.5406,57.15,60.42,100,84,6.06,ES,1660623484
84,pisco,-13.7,-76.2167,57.25,59.02,82,20,1.14,PE,1660623484
85,barrow,71.2906,-156.7887,35.62,35.62,93,100,17.27,US,1660623485
86,nuevitas,21.5453,-77.2644,77.65,77.65,89,82,5.03,CU,1660623485
87,antalaha,-14.9003,50.2788,65.35,65.35,89,9,5.55,MG,1660623434
88,itarema,-2.9248,-39.9167,74.95,74.95,83,19,14.76,BR,1660623486
89,avarua,-21.2078,-159.775,71.65,71.65,56,20,12.66,CK,1660623349
90,kupang,-10.1667,123.5833,88.38,88.38,48,20,10.36,ID,1660623486
91,sao filipe,14.8961,-24.4956,77.38,77.38,82,81,5.91,CV,1660623487
92,porbandar,21.6422,69.6093,81.61,81.61,85,99,9.53,IN,1660623487
93,ornskoldsvik,63.2909,18.7153,59.95,59.95,100,0,3.44,SE,1660623487
94,katsuura,35.1333,140.3,84.22,84.22,79,100,30.49,JP,1660623488
95,reno,39.5296,-119.8138,80.35,85.66,19,0,11.5,US,1660623488
96,saint george,37.1041,-113.5841,80.17,81.19,56,0,3.44,US,1660623488
97,luderitz,-26.6481,15.1594,54.64,54.64,63,12,8.21,NA,1660623489
98,hirara,24.8,125.2833,89.87,89.87,62,20,13.8,JP,1660623489
99,puerto escondido,15.85,-97.0667,81.43,81.43,69,40,3.44,MX,1660623489
100,luneville,48.6,6.5,62.31,62.49,94,29,5.03,FR,1660623351
101,weesp,52.3075,5.0417,64.83,66.96,90,31,6.91,NL,1660623490
102,pacific grove,36.6177,-121.9166,55.69,58.68,91,100,5.99,US,1660623490
103,dingle,10.9995,122.6711,87.37,87.37,69,97,10.27,PH,1660623490
104,vanderhoof,54.0166,-124.0198,62.22,62.22,73,100,2.66,CA,1660623307
105,port keats,-14.25,129.55,89.56,89.56,14,12,3.89,AU,1660623491
106,shetpe,44.1667,52.1167,90.54,90.54,16,0,15.59,KZ,1660623491
107,castro,-24.7911,-50.0119,64.99,64.99,51,10,10.47,BR,1660623492
108,narsaq,60.9167,-46.05,48.42,48.42,96,100,3.56,GL,1660623492
109,geraldton,-28.7667,114.6,63.01,63.01,94,40,17.27,AU,1660623492
110,urucara,-2.5364,-57.76,77.54,77.54,61,37,1.21,BR,1660623493
111,laukaa,58.7372,29.8453,64.24,64.24,79,28,4.05,RU,1660623493
112,lebu,-37.6167,-73.65,52.43,52.43,98,100,20.62,CL,1660623461
113,thompson,55.7435,-97.8558,66.36,66.36,77,40,0.0,CA,1660623307
114,port elizabeth,-33.918,25.5701,44.89,44.89,87,0,3.44,ZA,1660623494
115,kavaratti,10.5669,72.642,80.64,80.64,78,100,7.72,IN,1660623494
116,tasiilaq,65.6145,-37.6368,41.16,41.16,67,78,2.82,GL,1660623494
117,hofn,64.2539,-15.2082,46.38,46.38,63,9,9.28,IS,1660623495
118,ayna,-12.65,-73.9167,61.61,61.61,75,87,0.38,PE,1660623495
119,talnakh,69.4865,88.3972,61.21,61.21,65,100,3.85,RU,1660623288
120,wanning,18.8003,110.3967,86.52,86.52,73,100,5.5,CN,1660623496
121,tatawin,32.9297,10.4518,78.96,78.96,80,0,2.89,TN,1660623496
122,horsham,51.064,-0.3272,62.98,65.91,90,0,2.3,GB,1660623496
123,tukrah,32.5341,20.5791,76.57,76.57,71,0,8.63,LY,1660623497
124,santa maria,-29.6842,-53.8069,60.03,60.03,96,100,8.41,BR,1660623497
125,fortuna,40.5982,-124.1573,59.79,60.35,87,37,3.0,US,1660623498
126,batagay-alyta,67.8006,130.4114,67.33,67.33,54,80,4.54,RU,1660623498
127,chuy,-33.6971,-53.4616,48.52,48.52,94,63,5.59,UY,1660623498
128,destin,30.3935,-86.4958,83.66,86.97,87,0,4.61,US,1660623499
129,kapuskasing,49.4169,-82.4331,60.8,60.8,63,0,5.75,CA,1660623362
130,payo,-3.7508,103.6372,89.65,89.65,51,65,1.5,ID,1660623499
131,omboue,-1.5746,9.2618,69.58,69.58,88,94,4.41,GA,1660623499
132,hobyo,5.3505,48.5268,76.41,76.41,83,21,17.72,SO,1660623500
133,poum,-20.2333,164.0167,72.61,72.61,94,100,13.96,NC,1660623500
134,cap malheureux,-19.9842,57.6142,73.47,73.47,64,65,8.99,MU,1660623501
135,kloulklubed,7.0419,134.2556,81.1,81.1,73,100,5.91,PW,1660623501
136,jadu,31.953,12.0261,81.82,81.82,25,3,8.97,LY,1660623501
137,leningradskiy,69.3833,178.4167,37.99,37.99,69,10,11.27,RU,1660623502
138,vilhena,-12.7406,-60.1458,75.51,75.51,56,37,6.42,BR,1660623502
139,georgetown,5.4112,100.3354,84.38,85.89,79,20,6.91,MY,1660623502
140,qaanaaq,77.484,-69.3632,38.39,38.39,74,100,2.91,GL,1660623503
141,maarianhamina,60.0973,19.9348,71.46,71.46,83,0,6.91,AX,1660623503
142,port blair,11.6667,92.75,84.51,84.51,72,99,9.6,IN,1660623218
143,lavrentiya,65.5833,-171.0,41.13,41.13,68,98,15.95,RU,1660623503
144,nome,64.5011,-165.4064,50.07,50.07,63,40,4.61,US,1660623504
145,aykhal,66.0,111.5,47.75,47.75,93,100,14.83,RU,1660623504
146,nikolskoye,59.7035,30.7861,68.04,70.88,75,25,3.96,RU,1660623505
147,acarau,-2.8856,-40.12,74.68,74.68,84,27,15.28,BR,1660623505
148,ilulissat,69.2167,-51.1,46.42,46.42,81,75,8.05,GL,1660623505
149,dikson,73.5069,80.5464,40.53,40.53,95,100,25.01,RU,1660623506
150,garoua,9.3,13.4,70.38,70.38,98,100,4.65,CM,1660623506
151,constitucion,-35.3333,-72.4167,49.78,49.78,76,100,9.84,CL,1660623506
152,biak,-0.9131,122.8766,75.99,75.99,82,100,3.13,ID,1660623507
153,harper,4.375,-7.7169,75.24,75.24,77,100,12.55,LR,1660623507
154,ciudad bolivar,8.1222,-63.5497,76.96,76.96,82,12,7.56,VE,1660623507
155,paea,-17.6833,-149.5833,73.11,73.11,88,75,8.05,PF,1660623508
156,hambantota,6.1241,81.1185,84.04,84.04,68,91,14.58,LK,1660623508
157,port macquarie,-31.4333,152.9167,62.89,62.89,42,74,5.91,AU,1660623508
158,high level,58.5169,-117.136,64.51,64.51,63,20,0.0,CA,1660623509
159,quatre cocos,-20.2078,57.7625,73.09,73.09,71,72,13.13,MU,1660623509
160,cherskiy,68.75,161.3,63.5,63.5,38,96,14.81,RU,1660623509
161,mackay,-21.15,149.2,80.69,80.69,38,0,6.96,AU,1660623311
162,southampton,50.904,-1.4043,63.18,65.37,84,100,1.81,GB,1660623493
163,margate,51.3813,1.3862,63.1,63.7,84,91,1.99,GB,1660623510
164,dawlatabad,36.4141,64.9053,87.93,87.93,15,0,3.33,AF,1660623510
165,beloha,-25.1667,45.05,66.96,66.96,60,100,8.37,MG,1660623511
166,dunedin,-45.8742,170.5036,52.81,52.81,74,16,8.99,NZ,1660623448
167,longyearbyen,78.2186,15.6401,42.64,42.64,81,0,10.36,SJ,1660623511
168,acapulco,16.8634,-99.8901,82.22,82.22,83,75,4.61,MX,1660623310
169,aswan,24.0934,32.907,83.17,83.17,30,26,7.14,EG,1660623512
170,linxia,35.6003,103.2064,75.67,75.67,57,63,2.59,CN,1660623512
171,notse,6.95,1.1667,70.0,70.0,95,100,7.07,TG,1660623512
172,anadyr,64.75,177.4833,48.0,48.7,66,40,15.66,RU,1660623513
173,havre-saint-pierre,50.2334,-63.5986,55.76,55.76,100,0,2.3,CA,1660623513
174,mana,5.6592,-53.7767,76.78,76.78,84,70,4.41,GF,1660623513
175,general pico,-35.6566,-63.7568,44.38,44.38,28,77,8.95,AR,1660623514
176,wanaka,-44.7,169.15,48.63,48.63,93,88,2.95,NZ,1660623443
177,mount isa,-20.7333,139.5,74.97,74.97,14,100,17.27,AU,1660623514
178,aguililla,18.7333,-102.7333,65.89,65.89,97,90,4.9,MX,1660623515
179,sitka,57.0531,-135.33,58.89,58.89,88,100,0.0,US,1660623515
180,iqaluit,63.7506,-68.5145,40.69,40.73,93,100,6.91,CA,1660623515
181,saldanha,-33.0117,17.9442,41.05,41.05,76,99,4.59,ZA,1660623516
182,alekseyevsk,57.8406,108.3492,55.98,55.98,77,99,10.65,RU,1660623516
183,taoudenni,22.6783,-3.9836,97.09,97.09,15,72,3.51,ML,1660623516
184,tuktoyaktuk,69.4541,-133.0374,50.0,50.0,100,100,6.91,CA,1660623517
185,mehamn,71.0357,27.8492,60.75,62.51,77,94,4.61,NO,1660623517
186,paraiso,9.8383,-83.8656,64.36,64.42,97,100,0.67,CR,1660623517
187,willowmore,-33.2926,23.4895,43.97,43.97,32,100,5.5,ZA,1660623518
188,vestmanna,62.1564,-7.1664,45.52,45.52,71,75,13.8,FO,1660623518
189,ban nahin,18.2418,104.2122,83.77,83.77,79,81,4.05,LA,1660623518
190,nerchinsk,51.9833,116.5833,82.53,82.53,35,19,15.99,RU,1660623519
191,san patricio,28.017,-97.5169,81.84,85.89,81,63,9.37,US,1660623519
192,neiafu,-18.65,-173.9833,77.68,77.68,69,40,18.41,TO,1660623519
193,eloy,32.7559,-111.5548,91.17,92.68,47,1,10.51,US,1660623362
194,chapada dos guimaraes,-15.4606,-55.7497,71.26,71.26,39,69,5.91,BR,1660623520
195,chapais,49.7834,-74.8492,56.98,56.98,85,68,4.54,CA,1660623520
196,villa rica,33.7321,-84.9191,71.19,73.67,98,40,4.54,US,1660623521
197,olafsvik,64.8945,-23.7142,47.52,47.52,65,5,4.68,IS,1660623521
198,kita,13.0349,-9.4895,72.91,72.91,97,100,3.85,ML,1660623521
199,mitsamiouli,-11.3847,43.2844,74.5,74.5,74,7,9.75,KM,1660623522
200,nur,52.6683,22.3221,66.43,66.43,76,99,6.49,PL,1660623522
201,chlorakas,34.8042,32.4083,74.28,74.28,73,20,5.75,CY,1660623522
202,muli,2.9167,73.5667,81.57,81.57,73,12,7.07,MV,1660623523
203,ishigaki,24.3448,124.1572,91.53,91.53,70,40,11.5,JP,1660623523
204,mahebourg,-20.4081,57.7,71.89,73.26,73,40,11.5,MU,1660623523
205,rock sound,24.9,-76.2,83.21,83.21,71,9,6.2,BS,1660623524
206,vitim,59.4511,112.5578,52.52,52.52,94,95,12.19,RU,1660623524
207,san andres,12.5847,-81.7006,80.62,80.62,83,75,5.75,CO,1660623524
208,carnarvon,-24.8667,113.6333,68.07,68.07,94,100,8.05,AU,1660623525
209,ust-shonosha,61.1531,41.343,64.8,64.8,68,80,3.56,RU,1660623525
210,abu samrah,35.3029,37.1841,70.77,70.77,69,0,5.19,SY,1660623525
211,comodoro rivadavia,-45.8667,-67.5,42.66,42.66,45,0,24.16,AR,1660623526
212,nouadhibou,20.931,-17.0347,73.38,73.38,73,9,21.85,MR,1660623526
213,tayu,-6.5397,111.0518,86.29,86.29,63,20,6.38,ID,1660623526
214,padang,-0.9492,100.3543,86.05,86.05,68,93,4.7,ID,1660623527
215,muzhi,65.3667,64.6667,52.9,52.9,62,12,18.95,RU,1660623527
216,teya,60.3778,92.6267,53.71,53.71,93,100,3.83,RU,1660623527
217,dawson creek,55.7666,-120.2362,69.44,69.44,52,0,17.27,CA,1660623303
218,lagoa,39.05,-27.9833,70.65,70.65,69,78,15.26,PT,1660623528
219,chiredzi,-21.05,31.6667,55.72,55.72,81,19,5.95,ZW,1660623528
220,torbay,47.6666,-52.7314,62.19,63.57,93,75,14.97,CA,1660623529
221,manta,-0.95,-80.7333,70.77,70.77,83,98,10.51,EC,1660623529
222,nouakchott,18.0858,-15.9785,78.73,78.73,77,58,18.16,MR,1660623529
223,beyneu,45.3167,55.2,87.3,87.3,29,0,16.22,KZ,1660623530
224,aklavik,68.2191,-135.0107,52.97,52.97,83,100,10.29,CA,1660623530
225,cururupu,-1.8283,-44.8683,70.83,70.83,95,16,1.21,BR,1660623530
226,bengkulu,-3.8004,102.2655,83.44,83.44,66,58,4.21,ID,1660623531
227,san rafael,-34.6177,-68.3301,48.36,48.36,30,6,10.11,AR,1660623531
228,marsh harbour,26.5412,-77.0636,83.75,83.75,67,13,3.22,BS,1660623531
229,hamilton,39.1834,-84.5333,67.78,70.81,79,0,6.91,US,1660623532
230,espanola,35.9911,-106.0806,74.77,77.14,41,27,4.07,US,1660623275
231,coquimbo,-29.9533,-71.3436,51.53,51.53,87,0,2.3,CL,1660623532
232,tambun,-6.2641,107.0712,87.75,88.48,68,23,2.19,ID,1660623532
233,porto seguro,-16.4497,-39.0647,68.52,68.52,100,100,2.3,BR,1660623533
234,pangnirtung,66.1451,-65.7125,41.95,41.95,92,99,4.47,CA,1660623533
235,northam,51.0333,-4.2167,60.76,61.39,94,99,0.98,GB,1660623533
236,mogadishu,2.0371,45.3438,75.96,75.96,84,46,15.59,SO,1660623534
237,katangli,51.7102,143.2326,61.57,61.57,83,16,11.99,RU,1660623534
238,sakakah,29.9697,40.2064,85.57,85.57,21,0,2.68,SA,1660623534
239,tromso,69.6496,18.957,59.38,59.38,87,0,6.91,NO,1660623380
240,maniitsoq,65.4167,-52.9,40.84,40.84,93,100,11.41,GL,1660623535
241,west bay,19.3667,-81.4167,82.0,82.0,78,4,1.01,KY,1660623535
242,te anau,-45.4167,167.7167,57.9,57.9,69,31,1.92,NZ,1660623536
243,le port,-20.9373,55.2919,69.78,71.6,62,8,6.98,RE,1660623536
244,esperance,-33.8667,121.9,63.86,63.86,88,100,15.88,AU,1660623536
245,kamenka,51.3223,42.7678,67.28,67.28,46,57,12.17,RU,1660623537
246,ancud,-41.8697,-73.8203,44.55,44.55,86,100,8.12,CL,1660623537
247,yumen,40.2833,97.2,87.98,87.98,15,4,10.18,CN,1660623537
248,victoria,22.2855,114.1577,87.35,88.32,80,7,4.0,HK,1660623311
249,mount gambier,-37.8333,140.7667,56.34,56.34,62,54,8.14,AU,1660623538
250,vardo,70.3705,31.1107,58.98,58.98,77,100,9.22,NO,1660623538
251,salalah,17.0151,54.0924,77.09,77.09,94,100,6.91,OM,1660623538
252,carauari,-4.8828,-66.8958,72.79,72.79,87,83,2.3,BR,1660623539
253,alice springs,-23.7,133.8833,69.35,69.35,19,31,5.75,AU,1660623311
254,vysokogornyy,50.1167,139.15,75.42,75.42,44,17,3.76,RU,1660623539
255,key west,24.5557,-81.7826,84.22,87.8,71,0,0.0,US,1660623499
256,jutai,-5.1833,-68.9,76.06,76.06,83,76,1.88,BR,1660623540
257,labuhan,-6.8844,112.2051,85.84,85.84,66,32,6.24,ID,1660623540
258,arraial do cabo,-22.9661,-42.0278,69.96,69.96,79,0,28.92,BR,1660623540
259,nassjo,57.6531,14.6968,63.52,63.52,96,13,5.7,SE,1660623541
260,norman wells,65.282,-126.8329,69.84,69.84,56,20,9.22,CA,1660623425
261,klyuchi,52.2667,79.1667,60.26,60.26,38,5,10.98,RU,1660623541
262,vila velha,-20.3297,-40.2925,69.94,69.94,83,40,9.22,BR,1660623360
263,gat,31.61,34.7642,71.6,75.88,100,0,5.39,IL,1660623293
264,praia da vitoria,38.7333,-27.0667,70.05,70.05,73,40,12.86,PT,1660623542
265,mumford,5.2618,-0.759,72.77,72.77,89,95,9.95,GH,1660623542
266,porto novo,6.4965,2.6036,75.02,75.02,92,100,7.92,BJ,1660623543
267,divnomorskoye,44.5011,38.1353,77.99,77.99,81,44,5.01,RU,1660623543
268,ambilobe,-13.2,49.05,67.78,67.78,73,6,3.0,MG,1660623543
269,camapua,-19.5314,-54.0439,74.25,74.25,42,2,2.91,BR,1660623544
270,kardailovo,51.5386,53.9042,73.33,73.33,32,1,13.94,RU,1660623544
271,namibe,-15.1961,12.1522,59.79,59.79,89,0,2.8,AO,1660623544
272,flin flon,54.7682,-101.865,63.37,63.37,91,3,4.09,CA,1660623545
273,zyryanka,65.75,150.85,63.68,63.68,41,100,7.96,RU,1660623545
274,evensk,61.95,159.2333,50.41,50.41,91,100,35.3,RU,1660623545
275,walvis bay,-22.9575,14.5053,50.95,50.95,93,100,5.75,NA,1660623546
276,dembi dolo,8.5333,34.8,55.54,55.54,93,100,2.44,ET,1660623546
277,cabo san lucas,22.8909,-109.9124,85.39,85.51,67,100,8.43,MX,1660623322
278,roald,62.5833,6.1333,61.57,67.15,94,75,2.3,NO,1660623546
279,vila,42.0304,-8.1588,50.7,54.48,92,80,3.06,PT,1660623547
280,trelleborg,55.3751,13.1569,68.52,68.74,90,43,13.58,SE,1660623547
281,lompoc,34.6391,-120.4579,57.29,60.94,93,100,9.22,US,1660623414
282,maracaju,-21.6144,-55.1683,73.58,73.58,46,0,8.37,BR,1660623295
283,logon,11.3303,124.1146,84.97,84.97,67,62,5.21,PH,1660623548
284,tilichiki,60.4667,166.1,52.99,52.99,88,100,26.37,RU,1660623548
285,homer,59.6425,-151.5483,54.77,60.04,89,0,8.05,US,1660623548
286,pacifica,37.6138,-122.4869,59.45,72.23,84,0,11.5,US,1660623481
287,ternate,0.8,127.4,78.01,78.01,83,100,9.28,ID,1660623549
288,eureka,40.8021,-124.1637,59.67,60.62,89,40,7.0,US,1660623332
289,ilhabela,-23.7781,-45.3581,70.23,70.23,55,0,5.61,BR,1660623549
290,chara,56.9064,118.2631,60.4,60.4,74,100,6.51,RU,1660623550
291,gondanglegi,-7.7479,112.0132,87.35,87.35,60,31,2.8,ID,1660623550
292,necochea,-38.5473,-58.7368,48.49,48.49,55,67,25.17,AR,1660623550
293,waw,7.7029,27.9953,67.87,67.87,98,98,3.18,SS,1660623551
294,smithers,54.7804,-127.1743,57.52,57.52,94,75,2.3,CA,1660623551
295,sirnak,37.5228,42.4594,69.87,69.87,24,0,4.97,TR,1660623552
296,san ramon,37.7799,-121.978,66.96,78.75,72,0,5.75,US,1660623304
297,ongandjera,-17.8833,15.0667,55.67,55.67,21,0,5.84,NA,1660623553
298,broken hill,-31.95,141.4333,59.79,59.79,42,7,15.68,AU,1660623553
299,adre,13.4667,22.2,69.19,69.19,95,100,2.57,TD,1660623439
300,plainview,40.7765,-73.4673,67.48,73.51,70,0,4.61,US,1660623553
301,kirkwood,38.5834,-90.4068,71.82,73.74,81,62,3.0,US,1660623554
302,gamba,-2.65,10.0,70.66,70.66,79,91,2.68,GA,1660623554
303,buala,-8.145,159.5921,84.96,84.96,61,43,7.27,SB,1660623554
304,bayji,34.9311,43.487,87.4,87.4,27,0,10.29,IQ,1660623555
305,san carlos de bariloche,-41.1456,-71.3082,37.15,38.25,81,40,14.97,AR,1660623555
306,atikokan,48.7555,-91.6216,59.43,59.43,98,31,5.28,CA,1660623555
307,arlit,18.7369,7.3853,88.88,88.88,42,41,8.88,NE,1660623556
308,san jeronimo,-11.9472,-75.2829,51.12,51.12,77,11,1.01,PE,1660623556
309,sinnamary,5.3833,-52.95,76.77,76.77,83,50,4.09,GF,1660623556
310,santa rosa,14.3122,121.1114,86.04,87.12,73,89,6.69,PH,1660623557
311,awbari,26.5921,12.7805,82.42,82.42,24,6,6.2,LY,1660623557
312,chhatapur,26.2167,87.0167,89.42,89.42,61,4,6.64,IN,1660623557
313,saint-philippe,-21.3585,55.7679,70.75,71.19,66,5,6.24,RE,1660623558
314,caxito,-8.5785,13.6643,65.16,65.16,96,39,2.33,AO,1660623558
315,becerril,9.7041,-73.2793,74.62,74.62,94,46,3.31,CO,1660623558
316,ukiah,39.1502,-123.2078,80.49,80.49,39,0,0.0,US,1660623559
317,kirkuk,35.4681,44.3922,87.55,87.55,24,0,6.82,IQ,1660623559
318,bilma,18.6853,12.9164,86.47,86.47,45,70,7.72,NE,1660623559
319,yulara,-25.2406,130.9889,70.99,70.99,17,0,9.33,AU,1660623560
320,kingman,35.1894,-114.053,81.63,87.28,46,0,11.5,US,1660623560
321,waipawa,-41.4122,175.5153,58.12,58.12,73,92,3.85,NZ,1660623561
322,freeport,40.6576,-73.5832,68.95,72.25,65,0,4.61,US,1660623452
323,cidreira,-30.1811,-50.2056,64.76,64.76,92,100,13.2,BR,1660623561
324,half moon bay,37.4636,-122.4286,61.97,74.53,87,40,11.5,US,1660623561
325,kobryn,52.2138,24.3564,67.98,67.98,81,100,6.89,BY,1660623562
326,nakamura,32.9833,132.9333,91.69,91.69,57,96,8.34,JP,1660623562
327,pierre,44.3683,-100.351,64.96,67.86,87,0,10.36,US,1660623507
328,zhigansk,66.7697,123.3711,58.8,58.8,71,100,6.11,RU,1660623563
329,lahij,13.1667,44.5833,82.99,82.99,67,93,3.31,YE,1660623563
330,sarkikaraagac,38.0794,31.3664,65.21,65.21,60,0,1.57,TR,1660623563
331,fort frances,48.5999,-93.4003,67.3,68.05,74,20,4.61,CA,1660623564
332,banda aceh,5.5577,95.3222,86.32,86.32,64,100,11.16,ID,1660623564
333,lufilufi,-13.8745,-171.5986,83.79,83.98,80,34,23.78,WS,1660623564
334,marienburg,54.0359,19.0266,65.05,68.88,80,27,6.71,PL,1660623565
335,kasongo-lunda,-6.4667,16.8167,65.97,65.97,63,14,2.19,CD,1660623565
336,port lincoln,-34.7333,135.8667,58.8,58.8,62,45,6.69,AU,1660623565
337,searcy,35.2506,-91.7363,78.12,78.8,78,0,10.36,US,1660623566
338,shimoda,34.6667,138.95,90.1,90.1,83,100,21.83,JP,1660623566
339,cayenne,4.9333,-52.3333,80.1,80.1,1,0,0.0,GF,1660623511
340,hervey bay,-25.2986,152.8535,65.08,65.08,45,0,6.13,AU,1660623567
341,bouloupari,-21.8667,166.05,71.51,71.51,97,100,7.72,NC,1660623567
342,port hedland,-20.3167,118.5667,84.25,84.25,42,2,10.36,AU,1660623567
343,tema,5.667,-0.0166,73.81,73.81,100,75,11.5,GH,1660623568
344,alvdal,62.1077,10.6307,58.71,58.71,99,91,5.61,NO,1660623568
345,beira,-19.8436,34.8389,69.89,69.89,83,40,10.36,MZ,1660623568
346,soto la marina,23.7667,-98.2167,80.78,80.78,86,60,7.02,MX,1660623569
347,timiryazevskiy,56.49,84.8769,49.48,50.95,91,100,8.66,RU,1660623569
348,sazonovo,59.0919,35.2268,66.79,66.79,74,97,4.09,RU,1660623569
349,grindavik,63.8424,-22.4338,45.07,45.07,81,20,2.3,IS,1660623570
350,obo,5.3998,26.4869,64.17,64.17,98,25,2.44,CF,1660623570
351,qaqortoq,60.7167,-46.0333,47.84,47.84,95,100,2.33,GL,1660623570
352,palmer,42.1584,-72.3287,60.42,65.52,80,0,0.0,US,1660623571
353,at-bashi,41.1702,75.8106,71.76,71.76,38,83,4.12,KG,1660623571
354,eydhafushi,5.1033,73.0708,80.17,80.17,78,88,7.16,MV,1660623572
355,xining,36.6167,101.7667,71.78,71.78,60,16,2.84,CN,1660623549
356,tonj,7.2737,28.6822,68.02,68.02,97,96,2.19,SS,1660623572
357,wewak,-3.5534,143.6268,85.64,85.64,64,100,6.51,PG,1660623572
358,sapa,5.1544,120.3241,81.75,81.75,77,100,14.83,PH,1660623573
359,moose factory,51.2585,-80.6094,51.78,53.6,82,0,5.75,CA,1660623573
360,ugoofaaru,5.6667,73.0,80.24,80.24,78,100,6.24,MV,1660623573
361,turukhansk,65.8167,87.9833,62.94,62.94,46,97,4.52,RU,1660623574
362,mananara,-16.1667,49.7667,64.69,64.69,93,24,3.65,MG,1660623574
363,jiangyou,31.7667,104.7167,88.95,88.95,67,87,3.09,CN,1660623575
364,karaton,-6.3424,106.1045,84.36,84.36,69,93,1.07,ID,1660623575
365,mayo,38.8876,-76.5119,66.45,70.99,91,70,7.63,US,1660623575
366,esso,55.9333,158.7,55.69,55.69,94,100,2.24,RU,1660623576
367,port hardy,50.6996,-127.4199,64.58,64.58,82,100,13.8,CA,1660623576
368,miles city,46.4083,-105.8406,76.17,76.17,50,0,9.22,US,1660623576
369,phalaborwa,-23.943,31.1411,56.48,56.48,74,0,1.86,ZA,1660623577
370,ribeira grande,38.5167,-28.7,72.81,72.81,74,70,17.92,PT,1660623577
371,turangi,-39.0,175.9333,49.55,49.55,92,100,3.2,NZ,1660623577
372,muros,42.7762,-9.0603,63.84,63.84,90,18,9.31,ES,1660623578
373,limulunga,-15.0969,23.1376,54.79,54.79,29,5,5.46,ZM,1660623578
374,pitimbu,-7.4706,-34.8086,70.39,70.39,67,6,13.22,BR,1660623578
375,kungurtug,50.5994,97.5228,51.06,51.06,78,100,1.45,RU,1660623579
376,karakol,42.4907,78.3936,69.89,69.89,49,93,4.18,KG,1660623579
377,tefe,-3.3542,-64.7114,74.44,74.44,83,35,1.72,BR,1660623579
378,kununurra,-15.7667,128.7333,87.78,87.78,8,35,13.8,AU,1660623419
379,alta floresta,-9.8756,-56.0861,75.58,75.58,56,45,2.8,BR,1660623580
380,westport,41.1415,-73.3579,65.26,69.57,80,0,6.91,US,1660623580
381,muriwai beach,-36.8167,174.45,60.03,61.43,86,100,16.31,NZ,1660623581
382,khanpur,28.6453,70.6567,91.62,91.62,57,97,8.43,PK,1660623407
383,leshukonskoye,64.8989,45.7622,56.07,56.07,67,99,3.06,RU,1660623581
384,carutapera,-1.195,-46.02,74.97,74.97,88,4,3.69,BR,1660623581
385,thai nguyen,21.5928,105.8442,91.18,91.18,60,37,2.84,VN,1660623582
386,berlevag,70.8578,29.0864,62.4,62.55,67,75,10.36,NO,1660623582
387,mbekenyera,-10.0,38.9833,64.78,64.78,89,36,1.86,TZ,1660623582
388,requena,39.4883,-1.1004,66.52,66.52,57,3,3.94,ES,1660623583
389,alofi,-19.0595,-169.9187,73.29,73.29,60,99,24.16,NU,1660623583
390,krapivinskiy,54.9992,86.8133,55.92,55.92,65,100,8.84,RU,1660623584
391,guerrero negro,27.9769,-114.0611,73.11,73.11,78,19,14.45,MX,1660623584
392,kudahuvadhoo,2.6708,72.8944,82.08,82.08,72,13,8.03,MV,1660623584
393,qujing,25.4833,103.7833,76.98,76.98,60,39,4.14,CN,1660623585
394,rio cuarto,-33.1307,-64.3499,44.47,48.47,31,0,11.5,AR,1660623585
395,bolitoc,15.7395,119.8769,83.91,83.91,76,94,14.76,PH,1660623585
396,gazli,40.1333,63.45,89.65,89.65,19,0,18.61,UZ,1660623586
397,miraflores,19.2167,-98.8083,59.36,61.97,96,98,3.76,MX,1660623586
398,ambatolampy,-19.3833,47.4167,50.95,50.95,79,1,3.98,MG,1660623586
399,noyabrsk,63.1994,75.4507,46.53,46.53,95,100,4.92,RU,1660623587
400,alta,69.9689,23.2717,61.86,61.86,77,0,4.61,NO,1660623587
401,knyaginino,55.8228,45.0349,67.14,67.14,75,18,6.42,RU,1660623587
402,chardara,41.2547,67.9692,86.86,86.86,28,0,11.45,KZ,1660623588
403,tual,-5.6667,132.75,79.38,79.38,79,57,20.47,ID,1660623588
404,kedrovyy,56.1667,91.8167,49.87,50.41,97,100,12.17,RU,1660623588
405,nieuwpoort,51.1244,2.7735,62.19,65.44,94,20,8.05,BE,1660623589
406,pokrovka,42.3414,78.0056,69.53,69.53,54,82,3.4,KG,1660623589
407,souillac,-20.5167,57.5167,71.98,71.98,73,40,11.5,MU,1660623589
408,zhangjiakou,40.81,114.8794,77.16,77.16,41,49,2.51,CN,1660623590
409,bambous virieux,-20.3428,57.7575,71.85,73.22,73,40,11.5,MU,1660623590
410,vicuna,-30.0319,-70.7081,44.33,44.33,46,0,2.06,CL,1660623342
411,wad rawah,15.1603,33.1397,79.2,79.2,73,99,14.94,SD,1660623591
412,hualmay,-11.0964,-77.6139,60.53,60.53,84,30,11.23,PE,1660623591
413,vila franca do campo,37.7167,-25.4333,71.2,71.2,74,81,9.08,PT,1660623591
414,islamkot,24.6997,70.177,80.96,80.96,85,99,4.56,PK,1660623592
415,sangmelima,2.9333,11.9833,63.75,63.75,99,92,2.86,CM,1660623592
416,hasaki,35.7333,140.8333,91.8,91.8,70,100,21.59,JP,1660623593
417,bafq,31.6128,55.4107,85.44,85.44,10,0,1.05,IR,1660623593
418,chakradharpur,22.7,85.6333,83.01,83.01,74,95,6.71,IN,1660623593
419,ndioum,16.5129,-14.6471,82.94,82.94,67,31,11.45,SN,1660623594
420,trelew,-43.249,-65.3051,47.01,47.01,46,29,30.15,AR,1660623594
421,pervoye maya,56.164,44.7196,67.19,67.19,76,9,4.81,RU,1660623594
422,maine-soroa,13.2114,12.0241,72.84,72.84,90,100,9.42,NE,1660623595
423,namtsy,62.7161,129.6658,61.74,61.74,79,99,2.82,RU,1660623595
424,lalmohan,22.3384,90.7419,85.37,85.37,73,91,7.25,BD,1660623595
425,gunjur,13.2019,-16.7339,77.07,77.07,94,40,0.0,GM,1660623596
426,lovozero,68.005,35.0117,58.57,58.57,80,99,6.33,RU,1660623596
427,zaysan,47.4667,84.8667,69.22,69.22,26,3,14.76,KZ,1660623597
428,cozumel,20.5083,-86.9458,82.0,82.0,86,15,5.01,MX,1660623341
429,santa cruz de la palma,28.6835,-17.7642,73.54,73.54,78,100,14.97,ES,1660623495
430,oksfjord,70.2396,22.3479,60.98,62.67,83,100,10.25,NO,1660623597
431,pangkalanbuun,-2.6833,111.6167,89.22,89.22,55,97,5.97,ID,1660623597
432,saskylakh,71.9167,114.0833,56.79,56.79,60,70,8.23,RU,1660623598
433,bathsheba,13.2167,-59.5167,83.01,83.01,83,20,14.97,BB,1660623598
434,buchanan,5.8808,-10.0467,74.21,74.21,87,100,13.35,LR,1660623598
435,dve mogili,43.6,25.8667,65.55,65.55,75,10,6.35,BG,1660623599
436,honiara,-9.4333,159.95,85.05,85.05,61,14,5.21,SB,1660623599
437,ambovombe,-25.1667,46.0833,65.3,65.3,81,100,6.35,MG,1660623600
438,meulaboh,4.1363,96.1285,84.92,84.92,64,100,3.15,ID,1660623600
439,caohai,26.8661,104.2841,73.53,73.53,67,89,5.26,CN,1660623600
440,sydney mines,46.2367,-60.2177,57.18,61.18,94,20,4.0,CA,1660623601
441,merauke,-8.4667,140.3333,79.74,79.74,73,99,11.68,ID,1660623601
442,buraydah,26.326,43.975,88.25,88.25,19,0,8.55,SA,1660623601
443,santiago del estero,-27.7951,-64.2615,53.2,53.2,31,0,5.48,AR,1660623602
444,knysna,-34.0363,23.0471,53.83,53.83,36,100,5.82,ZA,1660623550
445,lianzhou,24.7811,112.3825,93.56,93.56,56,98,3.94,CN,1660623602
446,sao joao da barra,-21.6403,-41.0511,69.96,69.96,79,0,23.0,BR,1660623603
447,penzance,50.1186,-5.5371,61.48,61.48,82,100,7.43,GB,1660623603
448,batticaloa,7.7102,81.6924,84.69,84.69,63,56,4.07,LK,1660623604
449,nicoya,10.1483,-85.452,73.38,73.38,98,100,1.68,CR,1660623604
450,igrim,63.1906,64.4162,56.14,56.14,54,25,13.13,RU,1660623604
451,jatiroto,-7.8833,111.1167,84.47,84.47,66,36,2.39,ID,1660623335
452,huilong,31.8111,121.655,85.59,85.59,78,100,10.4,CN,1660623605
453,lagunas,-5.2269,-75.6753,74.64,74.64,77,5,2.15,PE,1660623605
454,los llanos de aridane,28.6585,-17.9182,66.13,69.55,93,100,14.97,ES,1660623605
455,presidencia roque saenz pena,-26.7852,-60.4388,59.02,59.02,75,3,9.48,AR,1660623606
456,kamaishi,39.2667,141.8833,79.63,79.63,77,100,17.13,JP,1660623400
457,camocim,-2.9022,-40.8411,71.38,71.38,82,28,10.56,BR,1660623606
458,raton,36.9034,-104.4391,66.81,66.81,64,100,11.5,US,1660623588
459,watsa,3.0372,29.5355,62.92,62.92,99,98,0.85,CD,1660623607
460,labytnangi,66.6572,66.4183,50.05,50.05,68,99,9.73,RU,1660623607
461,novyy urengoy,66.0833,76.6333,49.6,49.6,72,100,13.38,RU,1660623368
462,marovoay,-16.1,46.6333,67.35,67.35,72,2,3.18,MG,1660623608
463,monrovia,6.3005,-10.7969,75.38,75.38,88,100,16.04,LR,1660623608
464,kautokeino,69.0125,23.0412,55.96,55.96,91,86,17.13,NO,1660623608
465,det udom,14.906,105.0784,84.02,84.02,71,100,5.55,TH,1660623609
466,sorland,67.667,12.6934,57.06,57.06,93,100,9.66,NO,1660623609
467,sambava,-14.2667,50.1667,67.05,67.05,87,16,6.11,MG,1660623609
468,shambu,9.5667,37.1,50.49,50.49,92,96,0.2,ET,1660623610
469,glendive,47.1053,-104.7125,76.55,76.62,36,0,9.22,US,1660623610
470,skibbereen,51.55,-9.2667,56.61,56.61,87,99,18.21,IE,1660623610
471,samarai,-10.6167,150.6667,80.51,80.51,79,23,10.2,PG,1660623611
472,codrington,-38.2667,141.9667,55.0,55.0,67,41,13.13,AU,1660623611
473,saint stephen,50.3333,-4.9,62.71,63.21,94,100,6.91,GB,1660623611
474,orocue,4.7912,-71.3354,75.38,75.38,82,4,2.35,CO,1660623612
475,vangazi,57.0936,24.5486,67.84,70.75,88,56,6.69,LV,1660623612
476,coruripe,-10.1256,-36.1756,70.93,70.93,87,34,7.99,BR,1660623612
477,jiwani,25.05,61.7417,82.47,82.47,84,100,11.54,PK,1660623613
478,abu dhabi,24.4667,54.3667,89.64,91.51,68,0,3.44,AE,1660623437
479,nemuro,43.3236,145.575,69.62,69.62,93,100,28.32,JP,1660623613
480,tiksi,71.6872,128.8694,51.15,51.15,81,96,5.86,RU,1660623614
481,gawler,-34.6,138.7333,61.29,62.98,68,2,7.65,AU,1660623614
482,asau,46.4333,26.4,61.72,61.72,92,49,5.1,RO,1660623614
483,port-gentil,-0.7193,8.7815,72.7,72.7,81,100,5.68,GA,1660623615
484,khash,28.2211,61.2158,83.97,83.97,13,11,8.68,IR,1660623615
485,chatrapur,19.35,84.9833,86.68,86.68,63,58,2.86,IN,1660623505
486,praia,14.9215,-23.5087,77.54,77.54,83,20,3.44,CV,1660623615
487,cocorit,27.5833,-109.9667,83.12,83.12,78,88,5.39,MX,1660623616
488,balykshi,47.0667,51.8667,84.2,84.2,26,0,11.18,KZ,1660623606
489,mvuma,-19.2792,30.5283,48.27,48.27,67,0,6.96,ZW,1660623616
490,tamandare,-8.7597,-35.1047,75.38,75.38,68,68,11.68,BR,1660623617
491,yinchuan,38.4681,106.2731,83.48,83.48,30,1,4.7,CN,1660623617
492,miquelon,47.0975,-56.3814,62.6,62.6,90,94,13.31,PM,1660623617
493,zhuhai,22.2769,113.5678,87.13,89.31,74,40,9.22,CN,1660623583
494,okhotsk,59.3833,143.3,62.78,62.78,73,100,5.93,RU,1660623618
495,batemans bay,-35.7167,150.1833,59.09,59.09,40,72,5.7,AU,1660623618
496,naze,28.3667,129.4833,88.72,88.72,69,51,7.27,JP,1660623618
497,tomatlan,19.9333,-105.25,73.74,73.74,95,100,3.51,MX,1660623619
498,naryan-mar,67.6713,53.087,50.92,50.92,74,38,12.28,RU,1660623619
499,shu,43.5983,73.7614,85.59,85.59,24,0,9.89,KZ,1660623619
500,benjamin hill,30.1667,-111.1,74.82,74.82,71,47,11.3,MX,1660623620
501,kieta,-6.2167,155.6333,83.19,83.19,73,81,3.44,PG,1660623620
502,beian,63.6559,9.5683,57.29,63.99,94,0,6.91,NO,1660623621
503,tessalit,20.1986,1.0114,84.15,84.15,47,74,14.88,ML,1660623621
504,kolobrzeg,54.1757,15.5834,69.96,69.96,76,43,8.01,PL,1660623621
505,lasa,46.6166,10.7002,59.88,59.88,89,20,1.59,IT,1660623622
506,mattru,7.6244,-11.8332,72.72,72.72,98,99,2.86,SL,1660623622
507,flinders,-34.5833,150.8552,66.16,66.18,47,8,7.0,AU,1660623622
508,tikrit,34.6071,43.6782,87.31,87.31,27,0,11.79,IQ,1660623623
509,tigbao,12.5546,123.3389,84.9,84.9,71,99,13.67,PH,1660623623
510,inhambane,-23.865,35.3833,58.98,58.98,88,20,5.75,MZ,1660623623
511,yerbogachen,61.2767,108.0108,60.44,60.44,58,99,6.71,RU,1660623624
512,kirakira,-10.4544,161.9205,83.25,83.25,73,33,9.13,SB,1660623624
513,antofagasta,-23.65,-70.4,56.48,56.48,72,9,9.84,CL,1660623483
514,opunake,-39.4556,173.8583,62.11,62.11,73,100,14.09,NZ,1660623624
515,ajdabiya,30.7554,20.2263,74.66,74.66,64,0,9.35,LY,1660623625
516,port moresby,-9.4431,147.1797,85.42,85.42,66,40,17.27,PG,1660623625
517,touros,-5.1989,-35.4608,71.4,71.4,78,3,13.15,BR,1660623625
518,bara,10.3744,10.7288,70.25,70.25,98,100,6.69,NG,1660623626
519,buin,-33.7333,-70.75,50.14,53.74,78,100,0.81,CL,1660623488
520,gavle,60.6745,17.1417,60.37,61.92,95,16,1.99,SE,1660623626
521,maldonado,-34.6667,-54.9167,49.39,52.23,64,12,7.92,UY,1660623627
522,korla,41.7597,86.1469,87.67,87.67,27,100,3.09,CN,1660623627
523,puri,19.8,85.85,86.52,86.52,65,84,6.67,IN,1660623627
524,sao geraldo do araguaia,-6.4006,-48.555,73.99,73.99,45,11,2.57,BR,1660623628
525,avera,33.194,-82.5271,72.93,73.54,83,88,5.73,US,1660623628
526,matara,5.9485,80.5353,83.01,83.01,71,93,9.48,LK,1660623628
527,lima,-12.0432,-77.0282,59.9,59.9,84,37,5.88,PE,1660623345
528,oakdale,44.963,-92.9649,64.62,67.26,88,0,4.61,US,1660623629
529,kurilsk,45.2333,147.8833,61.05,61.05,96,100,16.22,RU,1660623629
530,samfya,-11.3649,29.5565,59.29,59.29,53,13,6.06,ZM,1660623629
531,strezhevoy,60.7333,77.5889,51.21,51.21,67,100,9.93,RU,1660623630
532,zabid,14.1951,43.3152,87.39,87.39,73,89,0.96,YE,1660623630
533,cuamba,-14.8031,36.5372,61.5,61.5,72,10,3.67,MZ,1660623631
534,solnechnyy,50.7214,136.6319,75.63,75.63,51,2,5.14,RU,1660623631
535,juneau,58.3019,-134.4197,54.66,59.22,95,100,3.44,US,1660623505
536,fukue,32.6881,128.8419,86.36,86.36,89,75,13.8,JP,1660623631
537,fuyang,32.9,115.8167,97.11,97.11,47,79,8.93,CN,1660623632
538,thinadhoo,0.5333,72.9333,83.3,83.3,71,21,11.48,MV,1660623632
539,nabire,-3.3667,135.4833,85.75,85.75,61,96,4.07,ID,1660623437
540,nizwa,22.9333,57.5333,93.25,93.25,30,99,1.57,OM,1660623633
541,sangueya,10.7,-14.3667,72.72,72.72,98,100,1.34,GN,1660623633
542,sola,-13.8833,167.55,81.12,81.12,78,16,17.47,VU,1660623633
543,mareeba,-17.0,145.4333,85.3,85.44,21,11,6.73,AU,1660623634
544,skibby,55.7512,11.9608,66.92,68.2,66,25,1.01,DK,1660623634
545,barinas,8.6226,-70.2075,77.04,77.04,94,18,1.14,VE,1660623599
546,warrnambool,-38.3833,142.4833,54.66,54.66,68,21,14.23,AU,1660623635
547,salina cruz,16.1667,-95.2,80.69,80.69,79,99,6.69,MX,1660623635
548,saint albans,51.75,-0.3333,63.27,66.9,83,100,3.44,GB,1660623635
549,yopal,5.3378,-72.3959,69.96,69.96,93,14,4.45,CO,1660623636
550,kyabe,9.4515,18.9449,69.12,69.12,99,100,3.38,TD,1660623636
551,mackenzie,55.2999,-123.1698,61.02,61.02,82,100,3.44,CA,1660623636
552,carmo do rio claro,-20.9719,-46.1189,58.37,58.37,47,0,3.51,BR,1660623637
